PROCESS ID	ARRIVAL TIME	END TIME
         9         0         2
         5         2         4
        27         4        33
        72        33        65
        11        65        76
        45        76       110
        58       110       136
        55       136       167
        68       167       185
        38       185       189
        86       189       237
        82       237       247
         8       247       271
        19       271       290
        34       290       329
        69       329       348
        76       348       391
        88       391       399
        60       399       411
        41       411       437
        12       437       446
        92       446       448
        89       448       475
        64       475       493
        81       493       532
        10       532       572
        25       572       611
        42       611       618
        26       618       635
         3       635       672
        56       672       687
         6       687       697
        36       697       699
        87       699       729
         7       729       764
        71       764       788
        46       788       802
        85       802       818
        63       818       848
        49       848       870
        79       870       918
        52       918       924
        48       924       973
        44       973      1011
       100      1011      1051
         1      1051      1100
        80      1100      1111
        54      1111      1145
        35      1145      1188
        17      1188      1210
        22      1210      1233
        21      1233      1256
        75      1256      1299
         4      1299      1309
        95      1309      1319
        15      1319      1365
        29      1365      1410
        98      1410      1414
        57      1414      1440
        47      1440      1444
        62      1444      1458
        94      1458      1505
        18      1505      1515
        84      1515      1536
        53      1536      1577
        50      1577      1578
        33      1578      1581
        73      1581      1597
        77      1597      1611
        70      1611      1628
        59      1628      1630
        61      1630      1654
        24      1654      1657
        66      1657      1698
        83      1698      1700
        14      1700      1705
        43      1705      1754
        37      1754      1804
        90      1804      1825
        97      1825      1833
        20      1833      1839
        99      1839      1863
        93      1863      1891
        31      1891      1927
        39      1927      1950
        74      1950      1955
        78      1955      1969
        51      1969      2000
        28      2000      2050
        32      2050      2074
        91      2074      2108
        40      2108      2130
        96      2130      2137
        67      2137      2181
        30      2181      2213
        65      2213      2247
         2      2247      2287
        16      2287      2293
        13      2293      2324
        23      2324      2330
Average Wait Time=1074.599976
TurnAround Time=1097.900024
Throughput=0.042918
