PROCESS ID	ARRIVAL TIME	END TIME
         5         0         1
        72         1         2
        11         2        13
        68        13        22
        88        22        23
        60        23        24
        41        24        50
        12        50        59
        36        59        61
        80        61        72
         3        72        78
        50        78        79
         3        79        86
        59        86        88
         3        88       112
        87       112       121
        28       121       171
        13       171       202
        87       202       223
        63       223       253
        57       253       279
        85       279       295
        43       295       344
        16       344       350
        60       350       361
        89       361       388
        52       388       394
        70       394       411
        83       411       413
        88       413       420
         7       420       455
        32       455       479
         4       479       489
        73       489       505
        61       505       529
        15       529       575
        68       575       584
        17       584       606
        90       606       627
        93       627       655
        71       655       679
        95       679       689
        58       689       715
         8       715       739
         6       739       749
        84       749       770
        78       770       784
        49       784       806
        75       806       849
        47       849       853
        29       853       898
        31       898       934
        91       934       968
        44       968      1006
        74      1006      1011
        46      1011      1025
        94      1025      1072
        24      1072      1075
        39      1075      1098
        18      1098      1108
        66      1108      1149
        20      1149      1155
        72      1155      1186
        10      1186      1226
        42      1226      1233
        48      1233      1282
        62      1282      1296
        27      1296      1325
        77      1325      1339
         5      1339      1340
        19      1340      1359
        76      1359      1402
        92      1402      1404
        37      1404      1454
        82      1454      1464
        14      1464      1469
        21      1469      1492
        33      1492      1495
        69      1495      1514
        56      1514      1529
        64      1529      1547
        25      1547      1586
        98      1586      1590
        67      1590      1634
        34      1634      1673
       100      1673      1713
        53      1713      1754
        96      1754      1761
        30      1761      1793
         9      1793      1795
        81      1795      1834
        97      1834      1842
         1      1842      1891
        51      1891      1922
        65      1922      1956
         2      1956      1996
        54      1996      2030
        22      2030      2053
        45      2053      2087
        86      2087      2135
        79      2135      2183
        99      2183      2207
        23      2207      2213
        55      2213      2244
        38      2244      2248
        26      2248      2265
        40      2265      2287
        35      2287      2330
Average Wait Time=1012.469971
TurnAround Time=1035.770020
Throughput=0.042918
