PROCESS ID	ARRIVAL TIME	END TIME
         9         0         2
         5         2         4
        11         4         9
        38         9        13
        11        13        19
        82        19        26
        92        26        28
        82        28        31
        88        31        39
        42        39        42
        36        42        44
        42        44        48
        12        48        57
        52        57        63
         6        63        73
        98        73        77
        47        77        78
        50        78        79
        47        79        82
        33        82        85
         4        85        86
        59        86        88
        24        88        91
        83        91        93
         4        93        94
        14        94        99
         4        99       107
        20       107       113
        97       113       114
        74       114       119
        97       119       126
        95       126       136
        96       136       143
        18       143       153
        16       153       159
        23       159       165
        80       165       176
        60       176       188
        46       188       202
        62       202       216
        77       216       230
        78       230       244
        56       244       259
        85       259       275
        73       275       291
        26       291       308
        70       308       325
        68       325       343
        64       343       361
        19       361       380
        69       380       399
        84       399       420
        90       420       441
        49       441       463
        17       463       485
        40       485       507
        22       507       530
        21       530       553
        39       553       576
         8       576       600
        71       600       624
        61       624       648
        99       648       672
        32       672       696
        58       696       722
        41       722       748
        57       748       774
        89       774       801
        93       801       829
        27       829       858
        87       858       888
        63       888       918
        55       918       949
        51       949       980
        13       980      1011
        72      1011      1043
        30      1043      1075
        45      1075      1109
        54      1109      1143
        91      1143      1177
        65      1177      1211
         7      1211      1246
        31      1246      1282
         3      1282      1319
        44      1319      1357
        34      1357      1396
        81      1396      1435
        25      1435      1474
        10      1474      1514
       100      1514      1554
         2      1554      1594
        53      1594      1635
        66      1635      1676
        76      1676      1719
        35      1719      1762
        75      1762      1805
        67      1805      1849
        29      1849      1894
        15      1894      1940
        94      1940      1987
        86      1987      2035
        79      2035      2083
        48      2083      2132
         1      2132      2181
        43      2181      2230
        37      2230      2280
        28      2280      2330
Average Wait Time=668.880005
TurnAround Time=692.179993
Throughput=0.042918
